5020
0 1
170 0
95 15
0 5
260 0
70 23
190 0
330 38
150 45
158 15
270 0
45 12
0 58
260 0
70 23
290 0
359 38
359 59
0 0
78 45
114	5
274	56
21	54
72	23
293	33
66	21
349	34
164	22
209	13
181	42
58	59
249	22
250	29
103	21
112	48
324	34
107	20
121	52
269	11
231	37
0	48
145	12
120	8
171	13
339	5
287	6
103	56
234	51
118	45
355	1
13	22
87	47
348	10
226	35
55	52
17	31
10	44
198	39
42	32
257	4
0	39
252	45
345	56
277	22
69	1
32	2
358	31
38	27
182	43
236	24
6	19
211	36
340	57
140	35
273	59
54	36
152	23
65	15
81	24
339	27
264	12
137	54
223	29
162	26
137	41
328	5
281	10
36	55
115	20
266	43
310	53
114	30
165	7
119	15
337	41
162	12
52	5
222	21
266	29
275	11
14	22
301	26
135	49
162	42
42	11
162	13
82	38
35	39
156	31
268	11
204	5
225	21
224	41
291	37
349	6
281	21
172	2
75	19
266	43
355	13
287	3
149	20
266	30
161	46
171	26
153	41
111	27
96	29
97	30
267	45
63	42
266	34
214	34
147	22
15	51
252	2
16	51
134	25
20	17
108	28
141	36
90	10
157	29
213	58
353	37
358	52
297	4
201	6
146	25
352	7
67	25
70	5
40	9
67	35
257	22
30	8
359	20
85	32
345	46
15	29
253	26
272	33
208	42
175	2
304	47
33	8
24	33
105	56
325	25
135	59
122	54
2	22
217	13
335	13
310	17
87	2
155	42
251	37
269	9
246	42
31	41
252	3
303	13
0	21
81	40
207	38
192	30
348	1
18	55
213	40
6	48
18	20
60	43
21	28
298	43
235	37
15	25
277	17
311	26
114	9
143	9
154	14
21	15
32	51
145	30
192	40
213	59
114	18
104	57
134	53
46	3
241	45
158	16
81	36
174	29
201	26
355	1
263	34
123	16
336	51
311	56
281	2
8	13
161	43
210	55
49	4
166	15
131	13
14	35
34	11
140	52
273	18
288	4
209	12
349	55
14	23
157	9
242	3
139	50
28	45
143	23
273	17
123	27
193	10
155	16
353	16
168	21
16	54
233	57
247	25
209	5
293	15
9	46
345	17
50	25
0	4
93	54
252	42
167	58
315	16
118	15
139	59
346	18
352	30
46	9
25	28
176	10
32	32
177	49
132	16
251	22
209	39
212	38
169	36
267	3
255	5
52	58
272	7
206	36
34	54
131	10
144	18
343	56
130	43
273	57
182	7
136	38
185	40
333	38
315	59
210	35
328	13
254	7
3	46
87	9
112	37
210	10
245	16
292	13
171	12
245	35
62	40
173	31
187	23
155	50
68	58
237	59
272	28
195	1
219	47
119	55
217	37
124	46
76	13
91	34
148	20
146	14
76	48
180	37
276	32
91	20
351	20
54	32
35	10
98	13
311	7
283	16
256	54
279	39
317	41
194	59
166	40
177	47
122	52
106	44
169	13
199	31
116	45
226	27
45	31
338	55
163	15
107	39
24	41
118	9
243	21
207	18
143	13
1	40
316	31
219	12
124	25
74	54
117	42
72	28
261	39
61	30
265	43
41	46
176	48
151	17
217	48
251	25
127	26
193	4
248	54
203	42
141	20
334	36
152	38
3	45
286	5
12	44
267	26
326	56
199	50
59	14
326	54
193	30
140	59
352	59
77	26
344	57
353	37
318	56
76	54
197	22
300	28
10	2
14	22
340	37
348	39
76	27
174	13
277	15
322	21
42	50
36	1
19	47
230	5
338	8
214	15
37	37
185	48
60	16
119	59
253	36
326	8
291	43
279	21
236	36
186	48
276	10
123	40
267	21
76	58
2	4
275	6
298	47
293	27
287	37
337	27
112	39
215	8
190	43
133	36
356	17
346	12
208	42
164	22
193	11
105	9
101	49
0	53
339	24
351	43
332	37
184	10
47	2
353	43
195	26
188	40
334	48
38	30
306	16
193	58
345	21
80	33
208	28
275	59
158	34
278	55
104	47
17	28
166	14
260	22
70	12
308	44
184	9
294	55
240	20
238	39
83	45
11	40
280	23
75	9
187	58
124	21
266	43
178	23
80	52
24	21
355	59
180	29
177	42
264	9
116	7
97	13
258	6
303	9
119	42
321	50
135	8
226	14
201	47
303	27
39	30
56	23
245	28
56	28
141	19
169	5
243	27
161	7
8	54
201	5
200	53
305	21
336	35
253	43
344	18
180	5
227	3
69	1
247	13
223	34
32	30
324	29
220	37
41	28
356	27
236	35
195	39
316	46
247	50
150	36
305	39
168	38
205	38
329	52
48	31
297	48
219	53
201	42
259	1
224	40
36	45
325	46
164	18
46	14
24	45
196	46
130	41
353	43
337	13
224	20
10	12
254	24
41	55
191	53
273	44
94	23
153	35
335	3
190	38
95	28
129	47
19	58
314	48
235	43
91	29
98	1
225	21
236	44
248	55
144	5
202	5
129	30
224	17
288	52
309	4
30	12
101	40
55	50
137	47
137	57
142	59
150	21
51	45
265	38
343	13
161	35
245	59
193	7
55	49
313	47
129	38
275	3
333	38
69	16
273	30
309	47
310	16
212	33
309	22
111	4
356	11
349	58
120	24
34	32
354	30
199	26
44	38
32	41
298	5
246	58
227	22
13	16
253	37
299	28
248	42
270	4
199	15
220	30
158	59
94	9
55	46
66	50
102	20
342	54
0	59
170	33
9	36
346	9
72	5
131	54
197	38
17	51
285	49
200	57
173	41
214	16
156	42
305	38
359	24
155	17
20	35
130	39
271	43
258	17
124	2
125	23
45	30
294	12
239	9
302	18
10	27
61	7
126	16
252	43
357	23
309	42
251	7
105	35
49	8
224	2
309	42
42	9
135	47
86	8
289	1
127	10
101	42
348	4
208	18
263	38
253	48
83	10
313	20
195	35
0	8
224	49
349	50
132	12
342	19
325	38
214	55
57	10
268	20
256	49
299	48
313	16
227	10
15	44
171	35
211	50
62	17
204	9
213	46
10	36
337	55
267	35
198	44
104	49
204	57
95	27
232	44
126	33
35	33
5	18
55	37
113	14
140	7
186	43
338	48
196	16
339	4
354	7
85	26
215	12
346	57
233	47
82	31
1	6
79	4
42	57
164	52
217	1
291	4
229	25
111	23
46	49
249	16
20	11
93	30
138	27
107	30
227	14
266	30
4	58
297	49
79	14
256	20
138	16
54	13
184	30
322	3
164	39
135	7
132	19
107	49
173	17
189	37
86	42
255	18
354	37
178	57
41	11
80	29
19	29
235	13
296	23
113	9
43	8
114	37
186	10
323	7
43	24
233	24
289	37
285	45
144	47
53	10
289	58
164	8
243	17
294	51
291	38
94	23
147	14
205	5
142	5
307	19
51	1
312	36
314	18
265	46
343	3
221	34
269	59
197	14
302	44
205	55
139	20
291	1
285	42
1	37
96	6
325	56
283	46
137	16
293	20
354	39
11	51
315	25
318	39
240	39
110	25
259	59
128	4
260	26
54	45
230	49
342	17
201	8
110	59
304	43
1	49
328	24
126	24
28	2
316	16
61	38
254	10
187	29
297	52
238	13
236	18
35	17
156	27
304	37
129	57
315	13
318	2
312	55
309	13
216	1
231	17
13	40
3	6
31	23
127	41
273	23
125	42
27	51
343	50
239	9
109	50
341	45
347	39
7	17
268	42
245	56
174	40
330	14
190	58
68	4
83	23
13	23
19	27
69	43
119	54
141	47
132	9
282	14
336	43
276	5
227	50
96	3
226	26
323	50
264	51
104	26
133	2
3	20
263	17
297	46
155	16
324	56
12	12
219	33
106	59
62	12
213	29
349	45
297	3
244	9
58	34
231	8
259	19
98	5
53	24
333	30
318	15
308	37
339	31
199	15
239	48
188	7
106	4
227	19
344	34
271	42
237	31
94	36
91	55
312	43
275	18
237	51
27	54
264	11
44	44
103	25
340	17
82	51
96	22
319	7
211	3
313	14
201	9
302	19
197	32
192	21
344	27
106	14
353	3
25	40
237	10
225	6
295	5
247	21
93	48
76	13
146	53
55	16
353	20
122	18
30	24
339	8
285	57
358	59
156	37
264	45
19	21
154	37
200	44
78	35
17	23
39	51
189	12
358	15
304	52
62	22
97	55
213	42
356	25
197	19
218	32
206	19
272	43
318	3
42	14
134	43
266	46
290	8
111	44
16	16
163	59
204	42
74	49
194	29
54	51
338	24
46	4
182	26
132	20
193	57
233	55
211	35
116	54
58	57
47	26
158	6
272	52
236	52
39	14
247	59
280	41
252	32
155	29
110	41
328	29
201	14
276	57
301	22
63	9
164	47
170	34
188	9
241	38
96	34
347	53
163	16
70	26
58	4
226	29
232	54
141	7
230	53
3	43
16	35
336	53
359	35
312	57
231	37
237	27
286	24
277	2
48	43
226	3
248	47
107	52
262	43
334	44
202	40
309	51
30	7
8	10
62	47
20	38
7	9
282	32
266	12
282	20
359	43
110	31
22	37
124	59
171	15
86	14
305	21
346	16
326	11
7	18
115	19
75	21
3	7
148	18
334	28
309	18
121	14
52	1
205	14
69	12
272	25
62	7
98	12
122	20
64	13
124	2
226	14
181	18
118	10
27	26
220	18
179	12
200	21
352	23
8	8
297	26
116	30
193	10
134	19
74	7
334	8
122	3
74	9
122	17
79	19
312	10
20	15
287	30
267	13
23	29
234	6
286	26
72	21
331	17
49	5
229	28
102	21
195	18
350	19
233	14
322	23
328	15
307	14
37	5
203	8
226	22
332	19
74	27
250	22
215	20
347	28
103	1
238	22
8	18
97	18
220	2
134	7
325	25
328	8
213	2
94	22
350	21
28	0
147	11
338	1
223	15
319	21
25	30
164	10
339	20
167	5
124	7
232	3
111	6
67	28
251	22
50	27
206	1
193	5
104	24
202	7
328	10
215	19
105	24
22	19
348	4
226	19
88	20
268	15
109	16
339	1
38	0
346	6
287	0
318	1
66	4
6	26
187	29
50	16
70	29
114	22
120	8
70	11
63	16
191	4
126	23
275	13
0	15
56	22
155	20
64	15
145	18
119	10
29	11
342	6
256	14
197	21
141	17
217	29
63	23
309	20
163	0
13	3
104	30
259	7
107	13
99	4
305	17
78	29
209	4
340	0
153	18
51	1
247	25
135	19
50	21
62	8
217	19
309	26
62	12
207	0
345	7
265	5
283	14
122	7
358	25
51	27
316	11
356	19
314	14
333	25
299	14
33	26
92	23
316	14
282	23
156	18
93	10
11	10
283	10
177	28
109	17
304	8
50	19
69	2
184	21
254	11
86	21
193	3
20	30
269	11
344	7
89	25
262	12
96	7
161	7
104	25
24	8
102	30
323	2
269	7
176	29
87	3
199	24
55	25
208	23
73	7
248	5
225	5
178	17
342	20
343	27
66	2
83	8
105	13
253	26
234	1
93	1
229	21
193	3
313	13
6	6
10	20
67	21
78	21
179	7
201	29
120	10
65	28
187	6
83	8
118	16
307	22
5	8
37	11
299	2
253	0
41	26
63	21
45	6
166	3
296	26
214	11
169	1
170	14
340	24
243	26
273	30
148	7
50	6
3	28
286	15
193	1
23	7
275	0
292	30
9	13
309	4
203	1
165	6
61	23
126	22
81	15
186	28
153	11
312	4
60	24
69	29
27	25
277	0
12	7
92	8
31	9
162	8
185	14
357	17
235	27
128	6
61	2
92	30
226	21
303	1
126	29
306	12
358	1
106	18
122	16
149	9
36	7
240	4
327	26
345	4
48	22
304	25
297	16
193	8
291	18
317	3
97	2
188	27
52	22
22	20
306	14
157	9
129	23
68	28
124	22
124	14
291	3
163	14
131	17
308	2
41	28
193	4
144	24
334	22
53	16
311	20
316	8
197	6
191	8
199	26
199	5
318	30
38	1
120	18
71	21
10	29
342	3
113	14
332	0
279	18
191	25
109	24
297	26
260	28
262	14
12	26
25	27
188	26
260	9
357	11
63	8
285	14
142	21
259	11
192	0
209	12
127	14
220	1
12	12
11	24
350	17
2	12
42	6
103	22
110	16
184	25
328	15
24	19
44	13
85	9
171	11
211	1
16	0
359	10
104	7
105	12
319	2
269	14
176	17
334	3
63	10
211	7
253	26
245	3
99	23
6	11
157	20
340	22
84	26
88	12
142	3
316	21
9	1
25	29
194	3
304	3
136	29
320	24
106	23
28	29
325	27
191	4
335	25
109	9
282	29
284	2
5	3
206	16
310	24
151	27
262	3
36	16
188	14
157	27
222	6
324	6
329	12
179	0
94	20
322	3
65	0
212	16
231	30
229	28
91	25
325	13
64	14
220	14
61	27
216	24
127	23
188	29
313	5
179	15
317	29
57	14
1	25
55	4
262	27
26	0
317	5
231	2
263	29
156	1
179	14
170	27
12	24
65	14
45	7
316	15
102	9
217	19
324	12
304	3
271	29
50	26
274	3
120	0
11	28
117	8
178	21
210	3
121	1
344	28
234	11
28	30
72	20
255	29
267	23
126	0
46	13
301	21
184	7
193	0
29	21
189	17
69	19
40	15
16	20
260	24
253	23
181	4
82	18
325	13
232	27
2	23
198	8
32	21
248	7
199	19
312	11
158	14
237	5
302	19
19	2
9	25
143	11
352	7
130	20
138	28
120	5
351	25
207	23
153	4
58	8
301	24
28	11
337	4
178	6
320	16
62	19
89	19
18	28
72	19
358	14
208	1
119	11
280	12
272	0
246	24
248	6
206	24
154	12
101	19
136	21
231	10
26	25
311	11
190	29
17	15
18	22
314	6
55	27
51	11
211	29
45	30
190	11
206	15
50	11
329	22
236	16
320	27
331	18
194	2
16	0
205	2
237	30
271	4
28	15
28	15
301	30
95	23
281	7
68	8
136	21
327	4
275	2
157	8
44	14
50	28
164	5
90	30
138	14
122	30
64	8
319	19
126	8
18	29
103	8
270	27
230	23
112	5
269	16
232	10
58	21
167	26
196	6
31	13
295	3
28	4
5	24
322	5
180	16
213	25
235	16
232	8
309	19
264	15
144	25
152	13
149	10
159	27
71	2
350	2
256	11
196	5
330	21
16	16
241	11
182	2
240	17
358	17
48	21
119	9
261	9
284	18
51	17
287	1
59	14
166	14
293	10
240	23
4	10
135	2
137	7
265	5
286	14
343	9
229	1
100	0
287	22
43	1
235	18
308	18
51	30
152	28
186	4
132	15
250	19
151	28
114	10
73	28
151	26
347	3
260	10
167	4
335	5
351	8
182	26
70	23
8	19
286	4
20	3
123	11
204	30
61	17
294	21
219	27
47	29
320	16
59	5
63	9
45	29
98	6
260	24
260	15
68	10
50	1
208	28
88	1
165	10
299	17
207	25
226	6
22	10
221	12
295	2
94	17
153	16
210	0
144	23
337	30
278	24
357	29
354	17
282	13
202	1
105	19
239	16
338	9
266	0
57	27
328	9
86	28
124	13
157	29
212	16
222	10
238	8
49	22
71	0
100	3
173	26
213	1
64	2
152	6
67	28
200	10
176	18
345	19
292	9
225	26
76	4
165	4
356	5
29	5
164	21
66	22
236	20
98	26
64	25
356	14
315	0
262	4
155	7
133	3
317	10
226	23
252	18
50	6
132	17
115	27
311	2
265	23
276	23
115	17
167	1
358	17
299	4
342	15
175	10
329	2
314	3
50	2
198	17
139	11
5	3
278	3
145	16
241	30
139	9
199	16
151	18
57	8
70	6
186	20
143	4
139	3
175	24
243	23
246	21
195	28
203	2
181	10
258	29
324	19
213	8
51	14
34	27
85	25
218	22
22	9
57	17
141	1
80	28
248	27
353	17
292	20
295	15
117	27
36	28
78	1
193	8
359	3
125	17
115	12
48	2
216	1
308	30
278	20
140	15
265	26
110	14
224	24
274	6
284	20
81	2
79	13
282	9
309	26
24	0
324	9
302	3
300	1
10	2
289	29
296	14
253	29
39	22
220	22
238	15
34	5
108	8
234	0
239	5
296	29
11	22
297	30
236	5
115	0
281	28
332	30
140	27
352	17
282	16
0	13
131	29
312	7
316	6
144	21
268	13
175	13
188	7
111	24
14	11
339	24
270	7
38	21
167	22
341	16
12	26
295	20
28	19
174	22
90	20
160	15
93	23
157	29
159	10
66	10
85	20
79	8
119	9
17	2
32	7
19	3
211	9
146	10
198	12
8	29
294	8
53	17
118	20
5	2
123	26
254	1
39	2
275	29
102	19
70	30
124	7
347	11
136	5
317	22
38	23
80	7
167	26
135	22
12	11
78	12
281	14
310	13
158	30
205	24
250	17
222	5
226	6
294	21
290	6
301	16
349	19
79	7
113	11
79	25
132	6
18	11
106	29
259	22
184	7
6	4
121	15
195	22
323	8
214	12
304	23
129	17
112	21
297	12
28	29
318	2
275	28
209	14
169	4
175	30
316	0
294	1
311	6
284	24
207	1
284	12
114	11
305	0
138	25
76	21
239	20
177	0
93	7
251	19
42	19
299	11
116	14
182	1
298	7
55	2
34	22
257	29
0	0
236	28
111	14
144	17
2	22
33	28
41	10
233	7
243	16
339	20
63	29
9	9
335	27
320	25
296	26
48	20
353	5
166	10
95	12
54	5
186	5
248	15
142	12
101	27
251	21
221	20
257	25
277	12
138	21
307	14
299	19
132	7
306	12
291	29
159	10
218	17
257	21
123	19
159	2
342	3
275	0
65	30
95	21
353	12
102	23
306	11
89	21
7	2
326	0
71	11
344	7
351	17
168	24
15	1
74	5
351	3
290	26
30	4
168	14
312	19
312	9
220	0
242	9
188	12
18	7
233	2
320	26
244	30
335	25
95	7
286	27
8	0
84	13
98	22
320	22
238	12
290	3
339	6
200	4
336	2
203	25
331	7
350	28
281	17
236	19
54	29
270	6
194	28
229	35
189	35
138	16
173	24
117	59
153	39
255	25
270	54
185	43
169	21
2	38
159	3
290	33
305	51
166	3
59	8
266	28
96	25
54	52
127	47
37	42
319	9
327	18
118	37
183	15
281	1
54	26
78	52
183	5
18	44
17	13
151	37
330	43
304	51
4	8
42	12
71	49
144	9
7	58
52	9
202	29
333	5
190	10
313	20
355	38
2	7
84	9
337	7
178	48
200	14
234	57
289	39
297	33
36	47
184	3
73	7
119	5
30	27
77	35
335	33
316	21
234	9
309	54
186	14
343	36
341	16
294	35
9	14
76	16
144	51
224	56
195	42
101	55
258	0
78	53
305	7
332	23
286	47
3	17
228	23
178	0
220	22
156	58
157	16
350	47
317	23
218	36
264	5
276	1
54	52
59	50
324	28
205	0
302	20
297	57
27	24
172	43
288	29
140	49
225	42
113	5
264	43
29	23
18	19
148	42
37	55
296	37
154	28
222	46
209	53
167	55
310	27
180	49
356	48
6	10
40	5
340	26
34	38
75	37
233	47
126	31
130	54
290	55
59	18
36	50
160	55
16	12
61	18
298	42
73	26
121	27
301	49
260	19
16	43
336	35
10	31
326	33
71	47
171	31
251	6
258	16
2	58
5	0
353	54
332	55
112	14
313	56
235	54
344	3
326	33
344	0
242	20
76	3
335	25
134	26
0	5
121	12
345	38
330	49
194	14
222	18
260	41
296	15
224	17
138	23
338	34
299	32
216	18
76	15
251	26
178	56
115	19
259	32
10	41
328	30
349	7
275	25
160	5
148	58
49	12
116	43
151	42
273	36
150	15
235	50
108	24
197	20
69	25
197	45
243	4
200	24
320	2
348	44
215	33
355	45
26	26
135	42
129	19
119	56
38	15
31	57
159	43
232	43
40	55
179	29
131	18
123	57
104	35
148	37
355	10
332	35
82	52
58	55
56	51
334	30
79	8
359	28
314	42
199	38
124	3
317	2
340	13
148	5
286	19
139	35
106	51
69	30
17	36
23	10
296	15
237	50
265	57
51	30
321	18
62	55
88	52
284	14
20	39
260	31
135	3
91	51
352	49
266	25
313	17
149	20
358	54
300	12
111	24
22	34
261	46
99	28
300	2
250	32
295	48
154	34
124	41
309	7
344	39
198	43
162	12
320	57
184	13
174	55
102	10
169	54
135	32
81	33
345	18
320	56
342	12
101	19
275	2
171	41
305	53
320	35
55	23
282	48
236	7
221	50
286	0
347	34
75	45
258	41
184	59
110	29
345	25
182	58
70	56
335	9
341	0
230	52
203	34
131	8
359	56
185	41
214	36
81	47
157	13
236	41
285	20
330	54
65	57
89	30
46	46
166	29
39	43
106	43
333	15
99	35
96	21
104	2
332	21
295	42
347	59
40	40
80	29
167	10
93	11
8	42
46	57
266	55
142	7
268	6
11	37
1	14
337	43
32	6
320	31
253	39
81	46
272	53
165	41
225	17
356	38
207	40
105	52
104	47
126	1
355	30
291	28
160	20
43	4
105	24
165	42
194	43
144	41
57	20
134	22
244	26
117	40
127	40
216	8
276	4
215	52
212	45
10	0
105	18
58	11
169	59
280	55
95	35
54	0
218	1
339	19
158	10
168	6
232	7
46	6
5	6
210	46
271	24
240	37
273	24
9	6
182	13
347	19
197	56
137	44
355	56
20	54
279	41
67	46
206	24
18	21
233	16
330	31
33	16
188	5
215	9
220	36
127	28
148	20
267	0
40	23
187	30
220	23
55	38
65	55
116	18
236	33
109	49
17	9
231	26
188	9
305	6
263	51
16	41
75	29
279	27
243	55
306	6
334	0
136	57
209	20
252	1
231	53
204	28
90	26
90	32
93	29
207	49
65	26
288	51
293	15
197	58
99	44
205	53
223	32
312	37
75	43
275	6
74	47
229	35
347	55
204	35
277	46
130	33
29	8
40	19
14	12
125	32
359	37
92	29
2	41
184	30
342	12
158	5
62	51
131	4
319	18
185	3
257	51
203	21
11	33
329	29
324	6
31	28
135	19
121	39
90	54
54	30
190	11
255	39
283	49
14	8
305	42
215	27
327	0
313	8
312	25
107	13
64	44
219	40
339	1
349	17
232	26
218	7
292	27
106	16
65	11
141	59
115	59
345	0
10	14
281	12
270	30
9	18
303	18
105	47
344	34
221	19
359	10
343	7
344	3
345	43
248	57
345	7
194	0
107	44
91	10
39	52
172	40
125	2
167	46
220	48
321	57
246	38
327	20
213	29
336	19
57	1
344	37
97	37
251	33
186	12
10	28
330	44
351	25
274	41
302	50
334	46
105	19
11	15
87	50
314	37
310	5
272	44
265	36
77	15
27	31
321	48
134	35
228	31
104	16
318	0
320	7
144	11
0	52
121	22
2	38
304	53
24	48
298	58
263	8
252	47
330	49
346	45
48	3
134	55
317	12
130	0
112	35
230	27
128	15
296	2
347	57
90	7
301	17
56	12
260	59
172	52
253	3
188	6
262	3
226	28
82	13
234	34
335	7
334	50
295	46
123	27
175	18
53	41
294	11
83	3
94	46
52	6
146	49
143	11
342	13
24	23
217	25
254	21
61	53
279	57
333	45
358	33
120	20
143	44
18	48
199	31
335	16
357	1
190	27
70	36
301	57
304	43
12	14
273	53
103	43
117	2
91	52
170	30
53	47
354	20
174	51
284	50
275	29
341	38
201	0
329	28
23	38
250	42
347	5
85	1
296	38
292	9
290	37
91	0
242	10
264	49
227	10
146	16
172	14
1	48
50	56
155	39
35	32
44	49
323	0
10	12
243	57
145	30
127	34
26	43
309	58
230	25
330	10
26	22
279	25
202	5
87	59
5	19
247	50
303	6
261	17
74	45
160	32
306	34
300	34
163	5
74	42
231	49
111	47
274	11
221	34
308	17
338	31
61	2
56	43
337	33
23	48
199	45
255	56
299	58
133	10
210	53
259	27
14	18
105	41
279	45
184	19
356	4
347	20
150	34
76	24
17	55
124	18
189	17
136	11
169	18
220	27
14	39
51	36
340	38
296	25
338	28
353	49
269	37
215	4
21	20
17	43
202	5
57	59
326	56
302	9
37	2
50	27
177	56
205	9
69	21
195	27
206	50
154	27
326	0
49	51
62	6
331	11
2	34
194	47
46	34
255	29
82	56
72	7
264	33
255	24
182	43
96	6
110	27
146	40
200	21
270	39
74	20
101	51
102	39
276	23
102	33
66	33
246	14
50	33
321	40
355	25
186	12
8	29
74	27
188	29
301	33
137	9
269	48
237	1
28	30
89	0
269	52
119	48
1	9
256	53
318	31
8	7
111	38
248	23
288	53
230	9
73	8
224	19
336	29
291	56
214	47
310	21
74	59
121	9
120	0
259	31
293	0
216	16
249	45
351	58
32	56
35	59
16	1
76	43
135	24
135	6
220	56
46	2
138	32
288	40
40	31
83	49
22	40
120	33
244	30
249	40
286	4
42	16
328	45
288	24
209	40
85	16
150	19
310	39
19	17
319	30
33	47
69	56
193	15
296	35
157	42
238	26
295	15
202	37
169	20
147	52
110	11
348	51
94	13
268	28
281	21
137	49
356	39
41	30
153	19
122	55
330	4
133	31
70	52
54	31
157	15
239	10
265	20
20	20
222	4
192	7
157	47
237	13
33	13
150	44
205	18
173	21
55	26
333	46
214	36
28	23
189	24
27	15
33	22
239	56
342	44
246	19
175	57
251	0
229	30
30	28
151	47
102	41
152	16
132	52
96	32
272	22
263	38
158	51
141	26
163	57
312	43
86	43
353	22
218	38
227	35
149	6
141	58
288	15
260	4
31	34
105	4
165	12
45	14
75	4
16	33
144	50
190	12
106	38
38	29
213	1
123	1
56	6
250	8
323	57
114	55
4	14
204	9
68	57
297	37
302	57
292	38
279	21
3	29
257	49
143	13
102	35
243	5
43	6
154	52
17	58
243	9
27	48
341	4
52	54
246	57
106	32
247	7
252	45
128	14
266	3
334	46
50	42
197	46
328	51
190	13
354	41
78	17
301	58
132	16
174	49
56	8
154	5
165	49
195	18
228	18
173	54
42	49
231	13
274	58
235	11
342	10
151	9
210	30
147	19
303	52
167	23
260	2
307	0
31	28
348	39
307	26
178	45
320	0
224	50
211	38
22	6
27	13
36	52
265	13
166	25
22	53
257	45
266	23
344	34
357	47
17	32
81	21
13	56
193	13
244	9
178	15
24	5
71	54
57	49
319	4
45	35
104	56
149	43
183	6
262	34
155	44
48	6
70	21
76	16
314	53
310	12
296	48
199	6
239	14
316	12
116	29
96	7
277	47
287	24
15	11
120	53
221	0
44	29
144	15
85	58
267	18
53	5
83	58
3	54
277	14
2	23
204	50
110	37
258	52
342	39
267	29
110	20
76	58
15	47
234	16
170	2
280	30
237	36
288	59
39	18
329	25
13	15
307	34
281	35
44	24
252	41
296	56
40	53
291	29
319	44
35	45
352	13
72	42
110	34
125	11
83	28
277	35
228	39
136	20
17	21
219	0
147	7
72	58
318	45
311	55
120	45
177	21
327	28
349	29
147	52
33	0
47	39
159	54
185	39
232	49
342	29
222	2
188	22
110	25
33	54
83	8
146	42
294	33
193	58
306	46
67	46
325	31
179	58
124	7
239	33
290	38
304	38
234	5
54	56
302	33
99	8
104	56
332	33
274	57
1	28
290	42
355	24
51	5
318	13
253	37
169	4
18	17
346	11
292	35
314	50
299	23
172	22
15	1
275	5
346	9
308	16
300	18
101	29
4	0
141	58
343	37
49	19
132	59
23	32
150	20
242	11
103	19
66	46
226	55
352	49
145	11
304	46
111	14
13	54
335	47
278	40
169	33
357	18
0	34
301	47
179	9
7	45
253	46
70	10
242	50
139	14
340	33
235	8
199	33
196	6
191	48
291	8
127	19
167	57
88	45
74	17
216	57
144	43
119	19
246	46
325	13
15	55
277	29
83	26
209	11
163	6
260	41
287	44
18	22
330	41
231	10
293	49
311	24
302	46
153	53
334	7
251	31
19	44
326	49
299	34
109	17
327	8
79	26
212	11
81	38
35	27
0	38
221	28
115	2
79	44
73	40
302	15
84	45
285	13
335	31
207	10
71	15
311	54
313	46
315	44
35	9
223	34
325	53
16	37
5	2
116	27
318	9
219	20
127	19
96	51
213	46
354	3
69	31
96	42
198	33
327	8
158	52
185	51
299	50
256	38
151	27
117	22
354	49
316	33
213	48
344	6
10	35
47	57
137	31
31	35
145	15
300	5
42	52
317	43
187	58
107	9
265	15
281	53
56	59
339	59
332	55
293	30
29	32
153	6
275	31
148	40
8	50
99	11
69	41
160	41
37	43
184	33
294	37
162	58
211	1
326	46
262	53
77	43
300	16
33	44
346	54
5	23
281	36
259	36
34	46
95	0
18	24
253	0
302	42
61	30
41	7
171	56
246	30
82	52
108	3
31	44
9	50
258	22
29	23
230	38
125	6
188	21
288	51
206	45
23	14
208	12
355	48
144	44
329	32
294	25
213	20
38	49
92	11
193	11
242	55
156	27
49	51
299	33
139	30
63	1
222	3
72	51
143	57
109	18
45	26
349	37
136	31
85	8
352	19
162	12
335	29
24	59
49	15
125	52
343	35
227	56
310	55
71	46
39	3
314	58
46	4
105	53
122	15
140	13
277	8
6	34
239	58
212	49
341	54
121	40
196	44
35	11
125	51
134	40
290	24
240	2
16	51
225	0
257	50
244	59
233	36
115	17
170	28
63	45
30	46
227	52
217	40
273	25
265	26
122	12
39	21
140	59
89	41
215	34
123	54
296	1
82	31
29	17
137	5
165	52
181	44
325	51
129	17
167	10
193	19
293	4
22	9
122	51
351	2
23	18
273	38
196	39
49	16
216	37
275	12
47	33
192	37
123	4
38	25
277	35
286	28
342	6
172	46
323	50
56	48
32	34
248	27
129	33
330	39
251	35
135	57
152	41
229	53
322	28
261	5
204	17
225	41
9	12
208	6
162	8
33	58
270	55
193	26
228	36
43	26
236	0
80	8
297	17
91	19
34	29
293	40
188	35
158	15
53	44
159	33
64	43
100	51
7	50
98	56
219	35
76	57
135	4
207	23
68	32
182	30
113	18
158	33
311	28
21	1
285	12
259	35
65	5
116	19
185	52
86	54
123	50
57	22
94	0
173	0
31	23
227	43
301	45
43	19
40	31
93	25
149	38
208	21
261	42
87	29
62	2
105	5
188	48
189	25
304	22
94	41
198	55
282	34
112	1
275	7
271	43
69	17
207	7
49	53
278	41
257	21
184	30
281	35
354	3
138	24
103	28
340	24
18	1
217	7
121	4
273	20
325	34
224	59
263	26
192	10
347	53
329	18
77	48
42	2
285	42
81	41
140	42
350	53
89	49
34	21
278	9
240	9
237	1
136	6
90	13
47	6
314	8
27	51
304	46
218	21
311	25
220	3
78	50
194	26
205	54
53	37
103	15
100	26
149	47
306	28
301	17
227	58
292	12
160	54
185	29
169	54
78	24
171	15
96	30
41	59
40	13
213	29
299	30
80	5
290	50
141	3
120	43
190	16
164	55
36	12
80	26
81	23
78	37
228	54
94	26
126	24
106	24
2	27
213	18
29	38
185	39
225	18
68	59
110	33
68	40
198	6
114	0
36	15
162	27
272	42
280	47
17	4
16	25
69	37
216	12
353	33
88	39
324	36
279	8
70	2
261	12
145	43
93	33
101	45
236	33
336	18
180	0
165	13
335	14
55	48
200	28
104	13
0	1
138	52
248	27
281	54
188	35
270	48
311	27
33	22
272	24
63	53
120	44
228	57
28	48
40	12
218	38
2	23
248	49
146	3
358	48
133	27
206	44
92	42
175	57
46	38
191	25
358	15
68	24
84	40
53	33
187	59
350	40
178	27
210	41
159	4
49	26
347	53
57	58
262	54
227	52
250	16
203	50
157	34
291	51
300	24
62	39
326	4
198	36
64	1
312	56
45	42
30	1
336	0
102	5
274	37
12	3
183	50
170	36
165	12
255	7
164	50
84	7
103	26
63	1
283	17
57	5
273	1
332	24
22	18
160	17
120	16
162	19
199	54
310	37
269	19
281	2
212	9
261	30
248	37
79	58
236	15
262	22
158	25
66	45
124	6
173	57
14	51
342	31
275	45
221	2
215	40
261	17
5	33
156	43
154	48
45	9
157	6
127	14
70	46
197	9
203	17
186	18
78	49
141	25
78	20
289	5
336	21
357	42
290	29
50	31
277	42
280	24
343	5
6	16
246	51
246	14
161	11
315	13
5	0
207	35
339	57
181	29
227	30
156	13
332	16
281	45
77	43
262	8
277	48
47	20
15	9
275	1
26	33
40	27
126	35
255	9
198	46
185	55
281	32
199	42
120	3
264	24
191	15
289	54
345	10
332	15
103	50
54	25
81	1
187	5
174	25
270	17
234	37
170	57
254	57
103	36
187	50
275	42
247	59
221	47
59	52
330	15
185	49
194	55
216	54
67	0
109	36
65	6
200	4
242	56
113	42
220	10
296	31
290	39
313	1
253	59
3	24
173	54
263	57
336	5
102	50
246	8
27	58
354	1
221	22
237	38
30	26
184	9
178	59
134	41
284	10
282	31
191	24
268	50
147	39
212	32
219	21
275	27
143	55
269	42
330	40
81	53
317	44
165	36
324	4
9	48
316	39
240	3
56	24
136	58
327	35
135	45
282	30
289	4
140	35
307	44
59	40
336	57
255	22
38	34
323	24
225	53
237	53
129	26
95	45
224	47
251	45
212	48
167	58
231	30
106	10
141	12
201	26
252	17
110	34
279	55
23	6
69	50
230	38
348	1
160	55
306	22
275	8
355	11
231	46
190	41
292	36
13	36
333	2
309	23
184	30
288	10
284	48
107	23
161	3
126	1
216	47
221	13
309	26
87	54
241	38
141	53
78	47
91	35
309	19
41	9
191	5
91	34
71	54
304	5
148	45
9	52
358	46
47	0
181	13
358	53
159	19
39	8
325	45
331	12
306	37
233	54
274	49
131	56
115	14
47	12
259	11
141	35
174	34
209	36
94	17
50	13
193	34
246	27
43	55
194	54
30	0
312	41
134	42
63	18
45	4
348	43
251	51
208	50
309	34
352	52
83	16
2	7
151	12
33	0
26	25
142	28
179	5
4	13
68	4
216	48
72	19
150	24
195	15
338	50
346	38
319	33
266	20
5	26
271	15
119	8
295	34
347	30
68	55
57	0
246	21
246	53
154	57
318	16
196	27
4	46
257	11
21	25
60	18
343	13
349	51
152	59
263	56
194	11
56	38
47	4
52	40
145	38
85	31
233	33
175	18
78	52
248	1
292	43
356	32
357	32
277	18
291	39
238	41
274	48
339	41
331	32
74	33
169	44
252	13
268	35
198	59
106	38
242	8
132	59
107	31
217	41
340	32
270	55
201	19
66	14
2	17
160	48
28	47
15	15
156	42
294	48
14	15
271	36
252	46
277	29
29	27
250	53
74	34
275	11
265	25
134	8
250	33
223	44
310	56
70	41
32	2
172	15
329	37
60	22
160	19
104	26
168	38
186	47
298	26
135	37
79	39
96	54
237	38
242	15
144	1
341	32
213	1
254	30
277	47
158	22
130	28
12	47
11	15
184	7
151	17
338	54
329	20
100	16
320	35
85	6
218	30
173	49
130	41
210	37
189	52
179	45
301	52
236	4
153	39
251	37
130	55
258	5
205	46
302	51
284	53
123	20
91	50
259	1
206	37
134	8
185	19
109	54
264	50
214	7
266	14
325	5
264	0
47	33
17	27
272	26
91	23
17	15
72	45
299	41
77	12
326	52
235	38
237	42
355	37
11	32
152	28
113	5
172	17
250	10
273	14
204	12
260	48
212	29
317	51
330	23
24	48
356	48
92	35
241	25
93	56
326	25
250	8
297	46
109	15
66	46
0	27
254	35
261	38
129	0
314	27
357	53
261	38
238	44
359	16
195	2
271	10
225	10
289	56
104	52
93	21
303	29
36	4
64	24
182	17
254	18
101	55
351	39
119	36
324	33
199	22
83	24
352	46
308	19
233	36
257	42
86	1
308	11
264	42
172	54
172	32
293	58
230	25
265	48
353	0
211	18
185	26
94	8
314	41
270	48
221	49
238	35
37	59
64	38
3	38
350	56
290	47
69	13
233	15
128	4
264	23
252	14
324	11
56	58
71	11
171	48
28	49
338	20
80	51
261	42
49	23
320	50
143	9
142	47
243	26
270	56
179	20
316	22
85	13
53	7
181	9
190	30
247	56
306	59
307	12
195	38
124	20
255	16
251	55
145	10
146	9
241	13
275	29
42	43
132	33
31	41
158	11
226	25
274	42
144	4
222	47
238	32
340	44
106	29
5	23
134	22
294	55
281	4
310	14
99	43
36	9
124	4
59	39
201	57
309	5
337	29
315	2
2	6
30	43
245	24
119	13
100	13
151	18
111	7
112	38
190	5
37	3
211	8
229	44
313	41
86	18
108	14
286	56
332	55
354	41
250	50
253	29
318	17
243	52
213	59
229	40
316	7
277	19
343	52
336	53
98	50
321	31
260	55
241	16
26	48
231	30
353	51
126	0
54	59
161	32
178	44
292	31
54	49
356	25
308	40
88	54
346	27
145	9
324	27
329	34
167	44
7	1
329	13
316	18
109	47
327	12
115	53
314	47
13	24
82	34
90	24
121	2
188	21
346	35
297	13
21	26
100	51
207	55
84	16
145	28
299	13
219	54
18	56
359	56
132	24
88	12
109	50
176	8
6	9
137	41
270	23
209	45
251	40
168	50
268	28
73	45
257	54
269	41
276	0
4	17
201	56
156	30
139	5
281	26
186	5
115	35
137	39
182	34
115	0
187	46
300	30
286	51
168	45
9	18
261	38
79	32
183	16
181	47
209	53
91	51
168	47
285	27
326	19
110	55
181	34
248	17
48	39
313	34
56	45
83	8
12	56
55	57
52	23
81	17
288	25
273	36
335	7
3	57
232	59
304	53
167	44
125	28
206	33
359	3
160	52
73	46
39	35
261	44
284	15
202	18
276	16
248	9
351	16
70	49
336	9
107	10
218	30
53	35
62	58
141	34
237	0
216	38
48	37
47	44
247	16
306	7
148	50
237	35
4	41
348	55
280	17
8	19
213	51
111	10
196	5
338	56
95	45
5	51
88	36
178	27
302	9
171	45
47	0
231	7
82	18
297	28
101	39
252	17
75	13
278	39
295	10
138	58
282	24
176	36
51	25
246	44
8	45
299	20
16	9
233	59
84	17
16	15
182	39
4	47
75	45
314	11
344	51
304	47
130	13
141	31
55	50
165	2
68	51
215	30
79	38
83	9
187	44
183	22
272	31
54	14
300	25
132	33
299	57
286	47
133	3
243	44
69	39
293	33
87	18
271	2
183	22
236	5
206	30
137	42
105	16
35	53
207	3
157	23
153	52
136	18
192	27
205	26
286	9
2	1
268	2
261	49
351	31
201	25
355	48
134	40
90	2
284	11
128	49
51	18
28	27
201	20
284	30
194	45
39	52
270	19
206	57
35	5
340	9
13	41
355	19
135	40
29	1
76	46
58	25
275	20
246	29
208	48
87	37
344	26
174	18
114	32
166	59
55	51
340	5
300	51
42	4
82	51
4	14
204	41
134	7
343	25
151	53
50	18
287	26
16	3
295	12
113	31
119	15
6	54
274	44
35	42
300	26
184	59
199	44
42	35
346	30
14	35
219	56
202	11
120	3
356	15
19	55
231	23
83	24
116	30
230	9
103	59
346	28
234	55
175	17
329	23
119	34
325	0
155	18
86	18
226	9
239	6
175	46
219	30
134	59
74	25
275	17
150	22
25	10
135	23
93	29
358	16
188	0
124	0
336	35
135	1
227	24
151	52
50	22
101	7
211	54
355	25
91	25
173	16
96	30
14	59
333	54
245	28
123	45
69	39
185	2
219	49
130	1
107	57
239	3
235	25
344	49
222	11
66	15
16	5
2	57
97	14
171	49
147	2
103	27
213	58
313	56
8	33
312	37
286	26
319	24
283	39
217	56
205	36
242	12
71	15
73	12
85	27
141	28
286	10
12	18
158	40
217	5
264	1
234	48
260	38
160	33
25	24
249	33
205	55
275	0
76	10
164	1
169	46
107	30
67	37
81	44
313	33
62	49
151	38
75	14
225	26
315	33
144	54
330	43
210	5
250	7
272	15
292	9
297	6
159	51
6	14
75	1
254	59
358	7
222	41
106	46
142	4
267	24
96	0
281	22
184	8
179	11
163	16
110	36
228	2
284	6
277	12
248	16
235	6
314	30
341	58
247	59
118	4
247	30
119	18
350	34
22	0
256	3
142	40
7	26
221	44
197	22
210	19
168	51
130	26
323	42
160	25
171	45
155	3
318	49
225	53
316	18
189	29
93	29
345	3
45	23
300	15
98	28
75	37
305	29
45	26
353	28
178	25
333	8
17	41
230	46
172	8
87	39
319	16
290	58
150	25
288	9
119	55
198	52
356	39
76	23
180	4
15	1
290	59
238	45
143	22
212	35
326	14
266	43
154	9
50	8
55	59
265	44
352	45
165	48
327	13
5	13
82	33
69	8
34	24
55	17
227	28
87	39
357	49
237	19
32	19
38	56
299	42
268	28
248	18
45	56
98	36
151	52
84	2
282	10
82	55
63	34
263	10
29	43
218	55
11	8
248	38
160	9
232	0
121	59
337	27
73	18
290	8
2	24
3	5
344	56
263	9
242	9
314	22
282	42
256	41
262	9
338	23
157	51
302	19
201	33
256	2
192	24
322	7
5	12
144	8
152	3
254	23
179	48
118	25
97	28
347	51
230	58
53	10
5	4
11	17
54	0
123	27
239	57
311	49
24	43
182	44
188	7
107	55
249	45
64	46
19	59
345	44
225	42
88	0
271	34
262	56
148	27
267	18
256	13
136	51
270	44
325	47
71	40
12	41
206	37
19	55
79	37
241	59
259	41
139	59
326	42
7	1
102	40
33	13
33	8
292	39
355	58
114	26
18	1
62	42
349	3
186	59
144	6
53	58
276	37
69	47
297	8
282	7
310	43
202	30
77	16
298	3
224	20
335	17
78	44
105	32
234	18
149	15
166	41
90	49
131	7
334	15
237	43
85	42
170	5
328	25
72	46
296	51
85	43
22	59
197	8
195	26
184	39
103	55
265	27
273	48
216	54
59	2
235	11
284	9
12	6
329	16
255	28
291	35
79	54
11	8
133	13
294	36
54	27
327	57
114	41
254	6
357	47
126	11
320	34
78	42
272	5
170	6
61	56
152	23
113	44
128	51
257	51
138	45
104	15
219	29
217	40
145	41
46	50
225	15
145	1
98	1
77	36
18	37
67	48
332	35
187	42
43	39
63	17
278	47
327	47
183	57
137	47
344	8
227	56
193	27
309	43
277	46
193	36
163	19
22	8
229	23
112	34
302	13
128	13
147	37
332	23
249	15
50	3
241	52
60	4
297	2
225	35
123	56
174	3
307	47
32	17
234	37
176	18
22	18
207	38
226	28
67	29
196	41
292	30
276	9
287	42
330	58
84	42
29	2
72	49
115	20
264	57
64	7
124	49
102	57
251	0
181	33
310	9
178	56
4	3
295	49
210	50
60	43
189	34
59	21
312	5
303	3
338	24
235	16
230	45
263	58
252	5
41	8
134	46
209	18
65	30
168	14
324	21
256	50
152	19
233	17
97	48
359	1
94	46
331	31
305	51
192	56
254	21
312	52
157	33
339	30
3	24
101	19
61	19
146	46
344	56
184	19
91	58
163	55
256	2
226	31
55	38
221	51
117	37
250	2
158	59
104	47
182	44
284	48
89	21
199	39
120	58
338	45
35	40
333	52
85	45
230	37
142	29
17	9
350	25
18	28
307	28
88	48
163	52
124	30
271	18
281	18
304	29
287	14
297	41
358	8
150	14
305	51
61	16
100	58
129	44
331	37
44	36
336	12
184	37
238	8
2	50
250	19
154	9
128	2
207	45
150	30
10	46
13	27
64	56
173	23
0	31
80	30
40	0
266	20
228	4
298	32
322	18
352	44
202	40
236	15
188	37
324	32
180	36
243	57
139	43
163	7
271	49
222	36
16	33
118	16
154	52
0	32
332	45
129	8
202	36
73	12
20	0
227	46
58	37
332	13
11	30
307	9
166	11
238	1
186	15
235	35
359	9
263	27
41	46
320	23
43	49
178	57
71	4
103	40
76	32
263	49
198	46
329	8
199	52
190	13
235	28
52	56
308	14
46	36
180	12
104	45
326	20
338	56
114	35
262	55
322	27
26	31
122	14
211	26
138	14
295	53
338	52
8	57
296	18